10.0 0.0
9.980267284282716 0.6279051952931337
9.921147013144779 1.2533323356430426
9.822872507286887 1.873813145857246
9.68583161128631 2.486898871648548
9.510565162951535 3.090169943749474
9.297764858882514 3.681245526846779
9.048270524660197 4.257792915650726
8.763066800438637 4.817536741017153
8.443279255020151 5.3582679497899655
8.090169943749475 5.877852522924732
7.705132427757891 6.3742398974868975
7.289686274214116 6.845471059286886
6.845471059286886 7.289686274214116
6.374239897486898 7.705132427757891
5.877852522924732 8.090169943749475
5.3582679497899655 8.443279255020151
4.817536741017153 8.763066800438637
4.257792915650728 9.048270524660195
3.6812455268467787 9.297764858882514
3.0901699437494745 9.510565162951535
2.486898871648547 9.68583161128631
1.8738131458572451 9.822872507286887
1.2533323356430426 9.921147013144779
0.6279051952931353 9.980267284282716
6.123233995736766e-16 10.0
-0.627905195293134 9.980267284282716
-1.2533323356430437 9.921147013144777
-1.8738131458572438 9.822872507286887
-2.4868988716485485 9.68583161128631
-3.0901699437494736 9.510565162951536
-3.681245526846782 9.297764858882513
-4.257792915650727 9.048270524660195
-4.81753674101715 8.763066800438637
-5.358267949789965 8.443279255020151
-5.87785252292473 8.090169943749475
-6.374239897486894 7.705132427757895
-6.845471059286887 7.289686274214114
-7.289686274214117 6.845471059286885
-7.705132427757891 6.374239897486898
-8.090169943749473 5.877852522924733
-8.443279255020151 5.358267949789966
-8.763066800438637 4.817536741017152
-9.048270524660197 4.257792915650725
-9.297764858882514 3.6812455268467774
-9.510565162951535 3.090169943749475
-9.68583161128631 2.486898871648548
-9.822872507286887 1.8738131458572413
-9.921147013144777 1.2533323356430452
-9.980267284282716 0.6279051952931358
-10.0 1.2246467991473533e-15
-9.980267284282716 -0.6279051952931335
-9.921147013144779 -1.2533323356430428
-9.822872507286887 -1.8738131458572478
-9.68583161128631 -2.4868988716485503
-9.510565162951535 -3.090169943749477
-9.297764858882516 -3.6812455268467748
-9.048270524660195 -4.257792915650727
-8.763066800438635 -4.817536741017154
-8.443279255020151 -5.358267949789965
-8.090169943749476 -5.87785252292473
-7.705132427757892 -6.374239897486897
-7.289686274214112 -6.845471059286891
-6.84547105928689 -7.289686274214113
-6.374239897486895 -7.705132427757894
-5.877852522924733 -8.090169943749473
-5.358267949789971 -8.443279255020148
-4.817536741017153 -8.763066800438637
-4.25779291565073 -9.048270524660193
-3.6812455268467783 -9.297764858882514
-3.0901699437494754 -9.510565162951535
-2.486898871648553 -9.685831611286309
-1.873813145857255 -9.822872507286885
-1.2533323356430373 -9.921147013144779
-0.627905195293132 -9.980267284282716
-1.8369701987210296e-15 -10.0
0.6279051952931372 -9.980267284282716
1.2533323356430424 -9.921147013144779
1.8738131458572427 -9.822872507286887
2.4868988716485494 -9.68583161128631
3.0901699437494723 -9.510565162951536
3.6812455268467827 -9.297764858882513
4.257792915650726 -9.048270524660197
4.8175367410171495 -8.763066800438638
5.358267949789967 -8.44327925502015
5.877852522924729 -8.090169943749476
6.3742398974869 -7.70513242775789
6.845471059286879 -7.289686274214121
7.289686274214119 -6.845471059286883
7.705132427757894 -6.374239897486897
8.090169943749473 -5.877852522924734
8.443279255020148 -5.358267949789971
8.763066800438637 -4.817536741017153
9.048270524660193 -4.25779291565073
9.297764858882518 -3.6812455268467703
9.510565162951535 -3.0901699437494763
9.685831611286309 -2.4868988716485534
9.822872507286887 -1.873813145857247
9.921147013144777 -1.2533323356430466
9.980267284282716 -0.6279051952931326
